8 1 80 80
1 45 1 255 0 0
1 46 1 255 0 0
2 45 1 255 0 0
2 46 1 255 0 0
11 44 1 0 255 255
11 45 1 0 255 255
11 46 1 0 255 255
12 43 1 0 255 255
12 47 1 0 255 255
13 42 1 0 255 255
13 48 1 0 255 255
14 42 1 0 255 255
14 48 1 0 255 255
15 45 1 0 255 255
16 43 1 0 255 255
16 47 1 0 255 255
17 44 1 0 255 255
17 45 1 0 255 255
17 46 1 0 255 255
18 45 1 0 255 255
21 46 1 0 255 255
21 47 1 0 255 255
21 48 1 0 255 255
22 46 1 0 255 255
22 47 1 0 255 255
22 48 1 0 255 255
23 45 1 0 255 255
23 49 1 0 255 255
25 44 1 0 255 255
25 45 1 0 255 255
25 59 1 0 255 255
25 50 1 0 255 255
35 47 1 0 0 255
35 48 1 0 0 255
36 47 1 0 0 255
36 48 1 0 0 255