8 0 50 50
25 25 1 255 0 0
26 25 1 255 255 0
26 27 1 255 0 255
28 26 1 0 255 255
29 25 1 0 0 255
30 25 1 0 255 0
31 25 1 0 0 0
5 5 2
6 5 2
7 5 2
8 5 2
9 5 2
10 5 2
11 5 2
12 5 2
13 5 2
14 5 2
15 5 2
16 5 2
17 5 2
18 5 2
19 5 2
20 5 2
21 5 2
22 5 2
23 5 2
24 5 2
25 5 2
26 5 2
27 5 2
28 5 2
29 5 2
30 5 2
31 5 2
32 5 2
33 5 2
34 5 2
35 5 2
36 5 2
37 5 2
38 5 2
39 5 2
40 5 2
41 5 2
42 5 2
43 5 2
44 5 2
5 45 2
6 45 2
7 45 2
8 45 2
9 45 2
10 45 2
11 45 2
12 45 2
13 45 2
14 45 2
15 45 2
16 45 2
17 45 2
18 45 2
19 45 2
20 45 2
21 45 2
22 45 2
23 45 2
24 45 2
25 45 2
26 45 2
27 45 2
28 45 2
29 45 2
30 45 2
31 45 2
32 45 2
33 45 2
34 45 2
35 45 2
36 45 2
37 45 2
38 45 2
39 45 2
40 45 2
41 45 2
42 45 2
43 45 2
44 45 2
5 6 2
5 7 2
5 8 2
5 9 2
5 10 2
5 11 2
5 12 2
5 13 2
5 14 2
5 15 2
5 16 2
5 17 2
5 18 2
5 19 2
5 20 2
5 21 2
5 22 2
5 23 2
5 24 2
5 25 2
5 26 2
5 27 2
5 28 2
5 29 2
5 30 2
5 31 2
5 32 2
5 33 2
5 34 2
5 35 2
5 36 2
5 37 2
5 38 2
5 39 2
5 40 2
5 41 2
5 42 2
5 43 2
45 6 2
45 7 2
45 8 2
45 9 2
45 10 2
45 11 2
45 12 2
45 13 2
45 14 2
45 15 2
45 16 2
45 17 2
45 18 2
45 19 2
45 20 2
45 21 2
45 22 2
45 23 2
45 24 2
45 25 2
45 26 2
45 27 2
45 28 2
45 29 2
45 30 2
45 31 2
45 32 2
45 33 2
45 34 2
45 35 2
45 36 2
45 37 2
45 38 2
45 39 2
45 40 2
45 41 2
45 42 2
45 43 2